[[[ 317  317    3    2   60  320  321  437  797]
  [ 317    3    2   60  200  321  437  797 1099]
  [   3    2   60  200  135  437  797 1099  975]
  [   2   60  200  135   41  797 1099  975  911]
  [  60  200  135   41   49 1099  975  911 1447]
  [ 200  135   41   49  827  975  911 1447 1453]
  [ 135   41   49  827   75  911 1447 1453  828]
  [  41   49  827   75  866 1447 1453  828 1072]
  [  49  827   75  866   65 1453  828 1072  867]
  [ 827   75  866   65   50  828 1072  867 1500]
  [  75  866   65   50    0 1072  867 1500  315]
  [ 866   65   50    0    5  867 1500  315 1330]
  [  65   50    0    5   25 1500  315 1330  764]
  [  50    0    5   25   56  315 1330  764  952]
  [   0    5   25   56   52 1330  764  952  841]
  [   5   25   56   52   60  764  952  841  497]
  [  25   56   52   60 1411  952  841  497 1101]
  [  56   52   60 1411    1  841  497 1101 1412]
  [  52   60 1411    1   23  497 1101 1412  273]
  [  60 1411    1   23    5 1101 1412  273  817]
  [1411    1   23    5   25 1412  273  817  764]
  [   1   23    5   25   36  273  817  764  949]
  [  23    5   25   36  190  817  764  949  600]
  [   5   25   36  190  175  764  949  600  838]
  [  25   36  190  175  252  949  600  838  490]
  [  36  190  175  252  184  600  838  490 1665]
  [ 190  175  252  184  182  838  490 1665  694]
  [ 175  252  184  182    0  490 1665  694  634]
  [ 252  184  182    0  189 1665  694  634 1335]
  [ 184  182    0  189 1378  694  634 1335  830]
  [ 182    0  189 1378  169  634 1335  830 1379]
  [   0  189 1378  169   90 1335  830 1379  400]
  [ 189 1378  169   90   71  830 1379  400  670]
  [1378  169   90   71    8 1379  400  670  660]
  [ 169   90   71    8    9  400  670  660  703]
  [  90   71    8    9   22  670  660  703  928]
  [  71    8    9   22   10  660  703  928  736]
  [   8    9   22   10   40  703  928  736  420]
  [   9   22   10   40   38  928  736  420 1307]
  [  22   10   40   38    2  736  420 1307  727]
  [  10   40   38    2    0  420 1307  727  801]
  [  40   38    2    0   73 1307  727  801 1326]
  [  38    2    0   73   46  727  801 1326  700]
  [   2    0   73   46   69  801 1326  700  870]
  [   0   73   46   69  156 1326  700  870  603]
  [  73   46   69  156    4  700  870  603 1420]
  [  46   69  156    4    3  870  603 1420  362]
  [  69  156    4    3    2  603 1420  362  437]
  [ 156    4    3    2  100 1420  362  437  795]
  [   4    3    2  100  203  362  437  795 1037]
  [   3    2  100  203  127  437  795 1037 1033]
  [   2  100  203  127  201  795 1037 1033  665]
  [ 100  203  127  201   22 1037 1033  665  996]
  [ 203  127  201   22  233 1033  665  996  741]
  [ 127  201   22  233   19  665  996  741 1471]
  [ 201   22  233   19    2  996  741 1471  733]
  [  22  233   19    2    5  741 1471  733  792]
  [ 233   19    2    5  124 1471  733  792  759]
  [  19    2    5  124  118  733  792  759  607]
  [   2    5  124  118    2  792  759  607  510]
  [   5  124  118    2   20  759  607  510  807]
  [ 124  118    2   20  228  607  510  807 1650]
  [ 118    2   20  228  229  510  807 1650 1437]
  [   2   20  228  229    0  807 1650 1437 1438]
  [  20  228  229    0  689 1650 1437 1438 1324]
  [ 228  229    0  689 1534 1437 1438 1324  690]
  [ 229    0  689 1534    1 1438 1324  690 1535]
  [   0  689 1534    1  122 1324  690 1535  267]
  [ 689 1534    1  122   13  690 1535  267  569]
  [1534    1  122   13   23 1535  267  569 1587]
  [   1  122   13   23  139  267  569 1587  818]
  [ 122   13   23  139   24  569 1587  818 1054]
  [  13   23  139   24   17 1587  818 1054  858]
  [  23  139   24   17 1546  818 1054  858 1441]
  [ 139   24   17 1546  224 1054  858 1441 1547]
  [  24   17 1546  224  140  858 1441 1547 1394]
  [  17 1546  224  140   52 1441 1547 1394 1057]
  [1546  224  140   52  149 1547 1394 1057  499]
  [ 224  140   52  149    6 1394 1057  499 1244]
  [ 140   52  149    6   87 1057  499 1244  345]
  [  52  149    6   87  204  499 1244  345  572]
  [ 149    6   87  204  220 1244  345  572 1065]
  [   6   87  204  220  831  345  572 1065 1289]
  [  87  204  220  831    6  572 1065 1289  832]
  [ 204  220  831    6 1258 1065 1289  832  355]
  [ 220  831    6 1258 1652 1289  832  355 1259]
  [ 831    6 1258 1652  242  832  355 1259 1653]
  [   6 1258 1652  242  132  355 1259 1653 1544]
  [1258 1652  242  132    6 1259 1653 1544  780]
  [1652  242  132    6 1052 1653 1544  780  350]
  [ 242  132    6 1052  625 1544  780  350 1053]
  [ 132    6 1052  625    2  780  350 1053  626]
  [   6 1052  625    2   20  350 1053  626  807]
  [1052  625    2   20 1283 1053  626  807 1647]
  [ 625    2   20 1283 1463  626  807 1647 1284]
  [   2   20 1283 1463  227  807 1647 1284 1464]
  [  20 1283 1463  227   61 1647 1284 1464 1410]
  [1283 1463  227   61  164 1284 1464 1410 1116]
  [1463  227   61  164    0 1464 1410 1116 1658]
  [ 227   61  164    0    2 1410 1116 1658 1332]
  [  61  164    0    2   20 1116 1658 1332  807]
  [ 164    0    2   20   19 1658 1332  807 1644]
  [   0    2   20   19   35 1332  807 1644  731]
  [   2   20   19   35    4  807 1644  731  557]
  [  20   19   35    4    3 1644  731  557  362]
  [  19   35    4    3    2  731  557  362  437]
  [  35    4    3    2 1226  557  362  437  799]
  [   4    3    2 1226 1592  362  437  799 1227]
  [   3    2 1226 1592   32  437  799 1227 1593]
  [   2 1226 1592   32 1457  799 1227 1593 1145]
  [1226 1592   32 1457  204 1227 1593 1145 1458]
  [1592   32 1457  204   10 1593 1145 1458 1064]
  [  32 1457  204   10   40 1145 1458 1064  420]
  [1457  204   10   40    5 1458 1064  420 1308]
  [ 204   10   40    5   25 1064  420 1308  764]
  [  10   40    5   25   27  420 1308  764  948]
  [  40    5   25   27  155 1308  764  948  418]
  [   5   25   27  155   39  764  948  418 1398]
  [  25   27  155   39    0  948  418 1398  887]
  [  27  155   39    0   81  418 1398  887 1365]
  [ 155   39    0   81   66 1398  887 1365 1622]
  [  39    0   81   66   71  887 1365 1622 1507]
  [   0   81   66   71 1623 1365 1622 1507  661]
  [  81   66   71 1623    4 1622 1507  661 1624]
  [  66   71 1623    4    3 1507  661 1624  362]
  [  71 1623    4    3    2  661 1624  362  437]
  [1623    4    3    2   14 1624  362  437  787]
  [   4    3    2   14   12  362  437  787  503]
  [   3    2   14   12  100  437  787  503 1221]
  [   2   14   12  100   27  787  503 1221 1036]
  [  14   12  100   27   10  503 1221 1036  413]
  [  12  100   27   10   40 1221 1036  413  420]
  [ 100   27   10   40   38 1036  413  420 1307]
  [  27   10   40   38    2  413  420 1307  727]
  [  10   40   38    2   14  420 1307  727  787]
  [  40   38    2   14   12 1307  727  787  503]
  [  38    2   14   12    7  727  787  503 1214]
  [   2   14   12    7  160  787  503 1214  394]
  [  14   12    7  160    1  503 1214  394 1605]
  [  12    7  160    1  116 1214  394 1605  263]
  [   7  160    1  116   58  394 1605  263  448]
  [ 160    1  116   58  183 1605  263  448  984]
  [   1  116   58  183   75  263  448  984  635]
  [ 116   58  183   75  457  448  984  635 1070]
  [  58  183   75  457    5  984  635 1070  458]
  [ 183   75  457    5   25  635 1070  458  764]
  [  75  457    5   25    6 1070  458  764  947]
  [ 457    5   25    6   36  458  764  947  347]
  [   5   25    6   36   22  764  947  347  599]
  [  25    6   36   22    8  947  347  599  737]
  [   6   36   22    8    9  347  599  737  703]
  [  36   22    8    9    0  599  737  703  932]
  [  22    8    9    0   16  737  703  932 1342]
  [   8    9    0   16   10  703  932 1342 1108]
  [   9    0   16   10   48  932 1342 1108  421]
  [   0   16   10   48 1469 1342 1108  421 1434]
  [  16   10   48 1469   21 1108  421 1434 1470]
  [  10   48 1469   21 1038  421 1434 1470  411]
  [  48 1469   21 1038   90 1434 1470  411 1039]
  [1469   21 1038   90   71 1470  411 1039  670]
  [  21 1038   90   71  111  411 1039  670  657]
  [1038   90   71  111  311 1039  670  657  254]
  [  90   71  111  311  311  670  657  254  312]]

 [[ 317  317   23   67 1562  320  324  821 1581]
  [ 317   23   67 1562  210  324  821 1581 1563]
  [  23   67 1562  210 1571  821 1581 1563 1129]
  [  67 1562  210 1571   16 1581 1563 1129 1572]
  [1562  210 1571   16    0 1563 1129 1572 1111]
  [ 210 1571   16    0  232 1129 1572 1111 1355]
  [1571   16    0  232   46 1572 1111 1355 1466]
  [  16    0  232   46  101 1111 1355 1466  873]
  [   0  232   46  101  650 1355 1466  873 1133]
  [ 232   46  101  650    1 1466  873 1133  651]
  [  46  101  650    1   31  873 1133  651  282]
  [ 101  650    1   31  223 1133  651  282 1047]
  [ 650    1   31  223   24  651  282 1047 1385]
  [   1   31  223   24   30  282 1047 1385  855]
  [  31  223   24   30   16 1047 1385  855  896]
  [ 223   24   30   16   11 1385  855  896 1110]
  [  24   30   16   11 1015  855  896 1110  960]
  [  30   16   11 1015  464  896 1110  960 1016]
  [  16   11 1015  464    1 1110  960 1016  465]
  [  11 1015  464    1   30  960 1016  465  274]
  [1015  464    1   30  979 1016  465  274  895]
  [ 464    1   30  979  966  465  274  895  980]
  [   1   30  979  966 1389  274  895  980  967]
  [  30  979  966 1389  111  895  980  967 1390]
  [ 979  966 1389  111  311  980  967 1390  254]
  [ 966 1389  111  311  311  967 1390  254  312]
  [ 316  316  316  316  316  316  316  316  316]
  [ 316  316  316  316  316  316  316  316  316]
  [ 316  316  316  316  316  316  316  316  316]
  [ 316  316  316  316  316  316  316  316  316]
  [ 316  316  316  316  316  316  316  316  316]
  [ 316  316  316  316  316  316  316  316  316]
  [ 316  316  316  316  316  316  316  316  316]
  [ 316  316  316  316  316  316  316  316  316]
  [ 316  316  316  316  316  316  316  316  316]
  [ 316  316  316  316  316  316  316  316  316]
  [ 316  316  316  316  316  316  316  316  316]
  [ 316  316  316  316  316  316  316  316  316]
  [ 316  316  316  316  316  316  316  316  316]
  [ 316  316  316  316  316  316  316  316  316]
  [ 316  316  316  316  316  316  316  316  316]
  [ 316  316  316  316  316  316  316  316  316]
  [ 316  316  316  316  316  316  316  316  316]
  [ 316  316  316  316  316  316  316  316  316]
  [ 316  316  316  316  316  316  316  316  316]
  [ 316  316  316  316  316  316  316  316  316]
  [ 316  316  316  316  316  316  316  316  316]
  [ 316  316  316  316  316  316  316  316  316]
  [ 316  316  316  316  316  316  316  316  316]
  [ 316  316  316  316  316  316  316  316  316]
  [ 316  316  316  316  316  316  316  316  316]
  [ 316  316  316  316  316  316  316  316  316]
  [ 316  316  316  316  316  316  316  316  316]
  [ 316  316  316  316  316  316  316  316  316]
  [ 316  316  316  316  316  316  316  316  316]
  [ 316  316  316  316  316  316  316  316  316]
  [ 316  316  316  316  316  316  316  316  316]
  [ 316  316  316  316  316  316  316  316  316]
  [ 316  316  316  316  316  316  316  316  316]
  [ 316  316  316  316  316  316  316  316  316]
  [ 316  316  316  316  316  316  316  316  316]
  [ 316  316  316  316  316  316  316  316  316]
  [ 316  316  316  316  316  316  316  316  316]
  [ 316  316  316  316  316  316  316  316  316]
  [ 316  316  316  316  316  316  316  316  316]
  [ 316  316  316  316  316  316  316  316  316]
  [ 316  316  316  316  316  316  316  316  316]
  [ 316  316  316  316  316  316  316  316  316]
  [ 316  316  316  316  316  316  316  316  316]
  [ 316  316  316  316  316  316  316  316  316]
  [ 316  316  316  316  316  316  316  316  316]
  [ 316  316  316  316  316  316  316  316  316]
  [ 316  316  316  316  316  316  316  316  316]
  [ 316  316  316  316  316  316  316  316  316]
  [ 316  316  316  316  316  316  316  316  316]
  [ 316  316  316  316  316  316  316  316  316]
  [ 316  316  316  316  316  316  316  316  316]
  [ 316  316  316  316  316  316  316  316  316]
  [ 316  316  316  316  316  316  316  316  316]
  [ 316  316  316  316  316  316  316  316  316]
  [ 316  316  316  316  316  316  316  316  316]
  [ 316  316  316  316  316  316  316  316  316]
  [ 316  316  316  316  316  316  316  316  316]
  [ 316  316  316  316  316  316  316  316  316]
  [ 316  316  316  316  316  316  316  316  316]
  [ 316  316  316  316  316  316  316  316  316]
  [ 316  316  316  316  316  316  316  316  316]
  [ 316  316  316  316  316  316  316  316  316]
  [ 316  316  316  316  316  316  316  316  316]
  [ 316  316  316  316  316  316  316  316  316]
  [ 316  316  316  316  316  316  316  316  316]
  [ 316  316  316  316  316  316  316  316  316]
  [ 316  316  316  316  316  316  316  316  316]
  [ 316  316  316  316  316  316  316  316  316]
  [ 316  316  316  316  316  316  316  316  316]
  [ 316  316  316  316  316  316  316  316  316]
  [ 316  316  316  316  316  316  316  316  316]
  [ 316  316  316  316  316  316  316  316  316]
  [ 316  316  316  316  316  316  316  316  316]
  [ 316  316  316  316  316  316  316  316  316]
  [ 316  316  316  316  316  316  316  316  316]
  [ 316  316  316  316  316  316  316  316  316]
  [ 316  316  316  316  316  316  316  316  316]
  [ 316  316  316  316  316  316  316  316  316]
  [ 316  316  316  316  316  316  316  316  316]
  [ 316  316  316  316  316  316  316  316  316]
  [ 316  316  316  316  316  316  316  316  316]
  [ 316  316  316  316  316  316  316  316  316]
  [ 316  316  316  316  316  316  316  316  316]
  [ 316  316  316  316  316  316  316  316  316]
  [ 316  316  316  316  316  316  316  316  316]
  [ 316  316  316  316  316  316  316  316  316]
  [ 316  316  316  316  316  316  316  316  316]
  [ 316  316  316  316  316  316  316  316  316]
  [ 316  316  316  316  316  316  316  316  316]
  [ 316  316  316  316  316  316  316  316  316]
  [ 316  316  316  316  316  316  316  316  316]
  [ 316  316  316  316  316  316  316  316  316]
  [ 316  316  316  316  316  316  316  316  316]
  [ 316  316  316  316  316  316  316  316  316]
  [ 316  316  316  316  316  316  316  316  316]
  [ 316  316  316  316  316  316  316  316  316]
  [ 316  316  316  316  316  316  316  316  316]
  [ 316  316  316  316  316  316  316  316  316]
  [ 316  316  316  316  316  316  316  316  316]
  [ 316  316  316  316  316  316  316  316  316]
  [ 316  316  316  316  316  316  316  316  316]
  [ 316  316  316  316  316  316  316  316  316]
  [ 316  316  316  316  316  316  316  316  316]
  [ 316  316  316  316  316  316  316  316  316]
  [ 316  316  316  316  316  316  316  316  316]
  [ 316  316  316  316  316  316  316  316  316]
  [ 316  316  316  316  316  316  316  316  316]
  [ 316  316  316  316  316  316  316  316  316]
  [ 316  316  316  316  316  316  316  316  316]
  [ 316  316  316  316  316  316  316  316  316]
  [ 316  316  316  316  316  316  316  316  316]
  [ 316  316  316  316  316  316  316  316  316]
  [ 316  316  316  316  316  316  316  316  316]
  [ 316  316  316  316  316  316  316  316  316]
  [ 316  316  316  316  316  316  316  316  316]
  [ 316  316  316  316  316  316  316  316  316]
  [ 316  316  316  316  316  316  316  316  316]
  [ 316  316  316  316  316  316  316  316  316]
  [ 316  316  316  316  316  316  316  316  316]
  [ 316  316  316  316  316  316  316  316  316]
  [ 316  316  316  316  316  316  316  316  316]
  [ 316  316  316  316  316  316  316  316  316]
  [ 316  316  316  316  316  316  316  316  316]
  [ 316  316  316  316  316  316  316  316  316]
  [ 316  316  316  316  316  316  316  316  316]
  [ 316  316  316  316  316  316  316  316  316]
  [ 316  316  316  316  316  316  316  316  316]
  [ 316  316  316  316  316  316  316  316  316]
  [ 316  316  316  316  316  316  316  316  316]
  [ 316  316  316  316  316  316  316  316  316]
  [ 316  316  316  316  316  316  316  316  316]
  [ 316  316  316  316  316  316  316  316  316]
  [ 316  316  316  316  316  316  316  316  316]
  [ 316  316  316  316  316  316  316  316  316]
  [ 316  316  316  316  316  316  316  316  316]
  [ 316  316  316  316  316  316  316  316  316]
  [ 316  316  316  316  316  316  316  316  316]]]